1224
2312
24968
55488
55488
432768
1191424
1731072
1775616
6594560
13981696
1253376
76251136
158269440
106528768
443154432
75759616
330563584
2020081664
3272605696
12331253760
1283457024
29091692544
156162326528
58183385088
394600120320
41070624768
2498597224448
465467080704
3490734669824
6874095157248
20744692039680
7447473291264
55851754717184
10514079940608
357478717980672
542334110400512
84112639524864
5117127115669504
3431575790288896
21242564648632320
15252425300508672
28596098415198208
56312587528175616
114384393660792832
244038804808138752
43065671436730368
354939945632137216
172262685746921472
10151113560093097984
3904620876930220032
1378101485975371776
81208908480744783872
18014398509481984
22049623775605948416
224891750992373088256
1341424170610066456576
288230376151711744
1845250868123258585088
352793980409695174656
7996663555953090625536
42925573459522126610432
15993327111906181251072
5644703686555122794496
21324436149208241668096
73786976294838206464
511786467580997800034304
2661053513097045077917696
1919051679476152073715712
361261035939527858847744
9508484913258030637776896
31932642157164540935012352
30704826871618433179451392
5780176575032445741563904
196526003551103155213172736
486592642394888242819235840
943264370754314413564493824
524069342802941747235127296
4087378196117061239681581056
369931300802076527460089856
1397518247474511325960339456
4835703278458516698824704
50310656909082407734572220416
62883485433074551151516450816
261592204551491919339621187584
77371252455336267181195264
1046368818205967677358484750336
1494812597437096681940692500480
3639543715499018008203425218560
4024543067716771273697052852224
16741901091295482837735756005376
23917001558993546911051080007680
3030477216170610912953056100352
133935208730363862701886048043008
128785378166936680758305691271168
765344049887793501153634560245760
48487635458729774607248897605632
1099053070397874891097641679060992
2060566050670986892132891060338688
4795522220663391825862028225937408
22858275623315432567788552199340032
20008597074002372873223963393654784
3103208669358705574863929446760448
63301400372996863393139371263655936
12412834677434822299455717787041792
783712307085100545181321789691658240
506411202983974907145114970109247488
187571724014570648080664179893075968
649037107316853453566312041152512
